10	0
30	0.253333333
50	0.316
70	0.345714286
90	0.366666667
110	0.383636364
130	0.368461538
150	0.397333333
170	0.400588235
190	0.396842105
210	0.391904762
230	0.393478261
250	0.4036
270	0.398888889
290	0.414137931
310	0.411290323
330	0.406969697
350	0.416285714
370	0.408918919
390	0.413076923
410	0.42
430	0.41744186
450	0.412666667
470	0.420851064
490	0.415102041
510	0.418235294
530	0.420188679
550	0.421272727
570	0.422631579
590	0.420169492
610	0.417704918
630	0.426349206
650	0.423846154
670	0.422537313
690	0.416956522
710	0.421971831
730	0.42890411
750	0.428666667
770	0.424675325
790	0.425696203
810	0.429259259
830	0.428072289
850	0.431411765
870	0.425172414
890	0.42494382
910	0.426373626
930	0.427526882
950	0.429052632
970	0.429175258
990	0.428686869
1010 0.426633663
1030 0.42407767
1050 0.427333333
1070 0.432429907
1090 0.430275229
1110 0.42972973
1130 0.427079646
1150 0.429913043
1170 0.431196581
1190 0.429747899
1210 0.431157025
1230 0.434471545
1250 0.43232
1270 0.436692913
1290 0.429457364
1310 0.43259542
1330 0.431879699
1350 0.430074074
1370 0.43189781
1390 0.430431655
1410 0.433971631
